export const LINE4_TRACKS: TrackCollection = {
  type: "FeatureCollection",
  features: [
    {
      type: "Feature",
      properties: { name: "Metro 4 Main Rail Line", color: "#E53935" },
      geometry: {
        type: "LineString",
        coordinates: [
          [36.7976629, 10.1816682],
          [36.7976354, 10.1816815],
          [36.7976137, 10.1816969],
          [36.7975898, 10.1817171],
          [36.7975678, 10.1817362],
          [36.7975414, 10.1817683],
          [36.7975195, 10.1818037],
          [36.7975057, 10.1818404],
          [36.7975012, 10.1818631],
          [36.7974988, 10.181875],
          [36.7974939, 10.1819276],
          [36.7974847, 10.1820589],
          [36.80993, 10.1584513],
          [36.8097953, 10.158062],
          [36.8097607, 10.1579573],
          [36.8097027, 10.1577825],
          [36.8096648, 10.1575631],
          [36.8096455, 10.1573463],
          [36.8096208, 10.1571219],
          [36.8095873, 10.1568801],
          [36.8094522, 10.1560356],
          [36.8094417, 10.1559232],
          [36.8094388, 10.155816],
          [36.8094388, 10.1557365],
          [36.8094436, 10.1556648],
          [36.8094511, 10.1555943],
          [36.8094608, 10.1555139],
          [36.809486, 10.1553597],
          [36.8095062, 10.1552152],
          [36.8095318, 10.1549876],
          [36.8096009, 10.1543749],
          [36.8096009, 10.1543749],
          [36.8097045, 10.1534925],
          [36.8097045, 10.1534925],
          [36.8097169, 10.1533554],
          [36.8097239, 10.1532152],
          [36.8097239, 10.1531073],
          [36.809718, 10.1530027],
          [36.8097098, 10.1529164],
          [36.8096949, 10.1528075],
          [36.8095705, 10.1519692],
          [36.8095705, 10.1519692],
          [36.8092966, 10.1501795],
          [36.8092966, 10.1501795],
          [36.8091, 10.1488459],
          [36.8089979, 10.1481343],
          [36.8087108, 10.1462202],
          [36.8085398, 10.1450801],
          [36.8082746, 10.1433129],
          [36.8081821, 10.142714],
          [36.8080017, 10.1415458],
          [36.8079829, 10.1414238],
          [36.8079757, 10.1413767],
          [36.8079757, 10.1413767],
          [36.8076847, 10.1394811],
          [36.8078719, 10.1393391],
          [36.8079783, 10.1400799],
          [36.8081597, 10.1413295],
          [36.8076847, 10.1394811],
          [36.8076393, 10.1391309],
          [36.8076096, 10.139006],
          [36.8075411, 10.1388281],
          [36.8074406, 10.138756],
          [36.806838, 10.1386086],
          [36.8067206, 10.1385154],
          [36.8066234, 10.1384149],
          [36.8065743, 10.138293],
          [36.8065597, 10.1381554],
          [36.8065595, 10.1380326],
          [36.8065752, 10.1379291],
          [36.8066089, 10.1379374],
          [36.8065928, 10.1380366],
          [36.8065928, 10.1381506],
          [36.8066014, 10.138278],
          [36.8066411, 10.1383719],
          [36.8067399, 10.1384738],
          [36.8068441, 10.138561],
          [36.8074497, 10.1387005],
          [36.8075965, 10.138761],
          [36.8077141, 10.138858],
          [36.8077589, 10.1389405],
          [36.8078154, 10.1390864],
          [36.8078719, 10.1393391],
          [36.8066089, 10.1379374],
          [36.8069697, 10.1364447],
          [36.8069396, 10.1364367],
          [36.8065752, 10.1379291],
          [36.8069697, 10.1364447],
          [36.8070985, 10.135919],
          [36.8071095, 10.1358434],
          [36.8071092, 10.1357409],
          [36.8071158, 10.1356789],
          [36.8072237, 10.1352341],
          [36.8073136, 10.1348699],
          [36.8073235, 10.1348059],
          [36.8073259, 10.1347744],
          [36.8073262, 10.1347475],
          [36.8073219, 10.1347046],
          [36.8073144, 10.1346524],
          [36.8073004, 10.1345846],
          [36.8072832, 10.1345236],
          [36.8068918, 10.1331711],
          [36.8065139, 10.1318132],
          [36.8064457, 10.1315282],
          [36.805941, 10.1292316],
          [36.8056833, 10.1279327],
          [36.8055323, 10.1271909],
          [36.8054283, 10.1266982],
          [36.805316, 10.1261665],
          [36.8050723, 10.1251547],
          [36.8045966, 10.1230605],
          [36.8044184, 10.1224067],
          [36.8041993, 10.1217261],
          [36.8040737, 10.1213332],
          [36.8038718, 10.1208343],
          [36.8037601, 10.1205929],
          [36.8034681, 10.1200041],
          [36.8034021, 10.11983],
          [36.8033611, 10.1196974],
          [36.8033043, 10.1194671],
          [36.8032655, 10.1192272],
          [36.8031973, 10.1185432],
          [36.8032006, 10.1183492],
          [36.8031384, 10.1177061],
          [36.8029164, 10.1160165],
          [36.8028594, 10.1155719],
          [36.8026105, 10.113793],
          [36.8024971, 10.1130295],
          [36.8024546, 10.1128116],
          [36.802341, 10.1124025],
          [36.8022902, 10.1122112],
          [36.8022505, 10.1119903],
          [36.8022219, 10.1117744],
          [36.8022281, 10.1107693],
          [36.8022493, 10.1089778],
          [36.8022324, 10.1085293],
          [36.8022636, 10.1068189],
          [36.8022822, 10.1061661],
          [36.8022809, 10.1057653],
          [36.8022717, 10.1054498],
          [36.8022164, 10.1046951],
          [36.8021639, 10.1038852],
          [36.8021233, 10.103302],
          [36.8020967, 10.1026608],
          [36.8020515, 10.1020211],
          [36.802026, 10.1015174],
          [36.8020237, 10.1012888],
          [36.8020329, 10.1011498],
          [36.8020382, 10.1010751],
          [36.8020507, 10.1009906],
          [36.802105, 10.1007928],
          [36.8021346, 10.100697],
          [36.8021795, 10.100578],
          [36.8023133, 10.1002636],
          [36.8023446, 10.1002048],
          [36.8023768, 10.1001574],
          [36.8024228, 10.1001044],
          [36.8024741, 10.100062],
          [36.8027657, 10.0998601],
          [36.8028128, 10.0998213],
          [36.8028535, 10.0997725],
          [36.8039436, 10.0982035],
          [36.8039768, 10.0981506],
          [36.8039965, 10.0980948],
          [36.8040109, 10.0980432],
          [36.8040168, 10.0979813],
          [36.804016, 10.0979249],
          [36.8040077, 10.0978726],
          [36.8039881, 10.0978145],
          [36.8039667, 10.0977684],
          [36.8039129, 10.0976877],
          [36.8038633, 10.0976112],
          [36.8036926, 10.0973655],
          [36.8036496, 10.0972853],
          [36.8036214, 10.0972111],
          [36.803602, 10.0971355],
          [36.8035916, 10.0970547],
          [36.8035913, 10.0969725],
          [36.8036005, 10.0968874],
          [36.8036372, 10.0966923],
          [36.8037952, 10.0958749],
          [36.8038993, 10.0953881],
          [36.8039949, 10.0949819],
          [36.8042311, 10.0941545],
          [36.8043697, 10.0937708],
          [36.8048404, 10.0925439],
          [36.8049856, 10.0921504],
          [36.8050393, 10.0919537],
          [36.8050486, 10.0919035],
          [36.8051446, 10.0913651],
          [36.8052454, 10.0907545],
          [36.80526, 10.0906605],
          [36.8053996, 10.0897629],
          [36.8054543, 10.0894941],
          [36.8055371, 10.0891998],
          [36.8061238, 10.0873624],
          [36.8061766, 10.0871947],
          [36.8063428, 10.0866668],
          [36.8063701, 10.0865795],
          [36.8063791, 10.0865508],
          [36.8064159, 10.0864309],
          [36.806496, 10.0861773],
          [36.8066499, 10.0857155],
          [36.806849, 10.0851016],
          [36.8068902, 10.0849597],
          [36.8069117, 10.084886],
          [36.806948, 10.0847507],
          [36.8069592, 10.0846332],
          [36.8069526, 10.0839914],
          [36.8069569, 10.0838702],
          [36.8069734, 10.0837381],
          [36.8069951, 10.083645],
          [36.8069645, 10.0836283],
          [36.8069406, 10.0837273],
          [36.806923, 10.0838715],
          [36.8069209, 10.0839888],
          [36.8069253, 10.0846318],
          [36.8069141, 10.0847372],
          [36.8068865, 10.0848471],
          [36.8068586, 10.084949],
          [36.8068173, 10.08508],
          [36.8066117, 10.085753],
          [36.8064578, 10.0862149],
          [36.8063979, 10.0864138],
          [36.8063603, 10.0865346],
          [36.8063426, 10.0865838],
          [36.8063199, 10.0866567],
          [36.80615, 10.0871721],
          [36.8060934, 10.0873438],
          [36.8055051, 10.0891851],
          [36.8054223, 10.0894793],
          [36.8053675, 10.089752],
          [36.8052312, 10.090649],
          [36.8052165, 10.0907457],
          [36.8051157, 10.0913561],
          [36.8050198, 10.0918932],
          [36.8050103, 10.0919428],
          [36.804952, 10.0921357],
          [36.8048146, 10.0925291],
          [36.8043424, 10.0937542],
          [36.8042037, 10.0941341],
          [36.8039627, 10.0949671],
          [36.8038704, 10.0953714],
          [36.8037615, 10.0958651],
          [36.8036071, 10.0966862],
          [36.803571, 10.0968673],
          [36.8035552, 10.0969682],
          [36.8035528, 10.0970492],
          [36.8035609, 10.0971303],
          [36.8035725, 10.0971891],
          [36.8035922, 10.0972481],
          [36.8036235, 10.0973186],
          [36.8036955, 10.0974273],
          [36.8038398, 10.0976408],
          [36.8038981, 10.0977253],
          [36.8039315, 10.0977829],
          [36.8039527, 10.0978344],
          [36.8039668, 10.0978946],
          [36.8039724, 10.0979572],
          [36.8039679, 10.0980188],
          [36.8039578, 10.0980762],
          [36.8039331, 10.0981385],
          [36.8038994, 10.0982049],
          [36.8038596, 10.0982605],
          [36.8038279, 10.0983051],
          [36.8037884, 10.0983449],
          [36.8035975, 10.0985256],
          [36.8035543, 10.0985679],
          [36.8034985, 10.0986383],
          [36.80274, 10.0997209],
          [36.8024522, 10.1000224],
          [36.8023889, 10.1000844],
          [36.8023459, 10.1001333],
          [36.802318, 10.1001728],
          [36.802286, 10.1002344],
          [36.8021445, 10.1005643],
          [36.8020985, 10.1006902],
          [36.8020711, 10.1007805],
          [36.8020354, 10.1008828],
          [36.8020087, 10.100998],
          [36.8019993, 10.1011426],
          [36.8019877, 10.1012902],
          [36.8019912, 10.1015174],
          [36.8020225, 10.1020312],
          [36.8020612, 10.1025957],
          [36.8020967, 10.1033063],
          [36.8021314, 10.1038867],
          [36.8021873, 10.1046979],
          [36.8022392, 10.1054483],
          [36.8022473, 10.1057696],
          [36.8022474, 10.1061642],
          [36.8022307, 10.106816],
          [36.8022066, 10.1085323],
          [36.8022145, 10.1089741],
          [36.8021939, 10.1107689],
          [36.8021831, 10.1117063],
          [36.8022095, 10.1119903],
          [36.8022542, 10.1122212],
          [36.80231, 10.1124211],
          [36.8024254, 10.112824],
          [36.8024664, 10.1130364],
          [36.8025785, 10.1138097],
          [36.8028167, 10.1155763],
          [36.8028771, 10.1160213],
          [36.8030906, 10.117585],
          [36.8031055, 10.1177136],
          [36.8031551, 10.118551],
          [36.8032265, 10.1192324],
          [36.803268, 10.1194727],
          [36.8033276, 10.119716],
          [36.8033699, 10.1198488],
          [36.8034367, 10.1200192],
          [36.8037293, 10.1206094],
          [36.8038377, 10.1208453],
          [36.8040305, 10.1213561],
          [36.8041615, 10.1217398],
          [36.8043647, 10.1224275],
          [36.8045675, 10.1230731],
          [36.8050403, 10.12517],
          [36.8052813, 10.1261773],
          [36.8053933, 10.1267114],
          [36.8054989, 10.1272026],
          [36.8056516, 10.1279428],
          [36.8059074, 10.1292449],
          [36.8064131, 10.1315431],
          [36.8064795, 10.1318273],
          [36.8068596, 10.1331825],
          [36.8072536, 10.1345327],
          [36.8072666, 10.1345866],
          [36.8072789, 10.1346476],
          [36.807287, 10.1347167],
          [36.8072891, 10.1347506],
          [36.8072891, 10.1347891],
          [36.8072827, 10.1348475],
          [36.8072762, 10.1348913],
          [36.8071978, 10.1352244],
          [36.807092, 10.1356663],
          [36.8070771, 10.1357487],
          [36.807076, 10.1358479],
          [36.8070649, 10.1359109],
          [36.8069396, 10.1364367],
          [36.8069951, 10.083645],
          [36.8073076, 10.0827688],
          [36.8074233, 10.0824417],
          [36.8075574, 10.0820707],
          [36.8080151, 10.0807825],
          [36.8080378, 10.0807181],
          [36.8082969, 10.0799837],
          [36.8084448, 10.0795568],
          [36.8085188, 10.0793296],
          [36.8085687, 10.0791623],
          [36.8086287, 10.0789077],
          [36.8086727, 10.0786805],
          [36.8087106, 10.0784159],
          [36.8087626, 10.078004],
          [36.8087986, 10.0775372],
          [36.8088326, 10.0770079],
          [36.8088745, 10.0765536],
          [36.8088853, 10.0764868],
          [36.8089085, 10.0762989],
          [36.8089745, 10.075937],
          [36.8090658, 10.0754316],
          [36.8091439, 10.0750103],
          [36.8091604, 10.0749084],
          [36.8092163, 10.0745464],
          [36.8092623, 10.0741196],
          [36.8093363, 10.0732258],
          [36.8094102, 10.0721324],
          [36.8094662, 10.0714683],
          [36.8095261, 10.0710215],
          [36.8095981, 10.0705696],
          [36.809704, 10.0701402],
          [36.8098199, 10.0697084],
          [36.8098929, 10.0694463],
          [36.8102077, 10.0683153],
          [36.8103035, 10.0679516],
          [36.8103996, 10.0675864],
          [36.8105894, 10.0669373],
          [36.8107473, 10.0663956],
          [36.8109252, 10.0659138],
          [36.8111191, 10.0654095],
          [36.811341, 10.0649402],
          [36.8115848, 10.0644683],
          [36.8118606, 10.063984],
          [36.8118364, 10.0639647],
          [36.8115606, 10.064449],
          [36.8113168, 10.0649209],
          [36.8110949, 10.0653902],
          [36.8109011, 10.0658945],
          [36.8107232, 10.0663763],
          [36.8105653, 10.066918],
          [36.8103754, 10.0675671],
          [36.810276, 10.0679446],
          [36.8101835, 10.068296],
          [36.809868, 10.0694298],
          [36.8097958, 10.0696891],
          [36.8096798, 10.0701209],
          [36.8095739, 10.0705503],
          [36.809502, 10.0710022],
          [36.809442, 10.071449],
          [36.809386, 10.0721131],
          [36.8093121, 10.0732065],
          [36.8092381, 10.0741003],
          [36.8091922, 10.0745271],
          [36.8091147, 10.0750018],
          [36.8090392, 10.075426],
          [36.8089503, 10.0759177],
          [36.8088843, 10.0762796],
          [36.8088597, 10.0764764],
          [36.8088504, 10.0765343],
          [36.8088084, 10.0769886],
          [36.8087744, 10.0775179],
          [36.8087384, 10.0779847],
          [36.8086865, 10.0783966],
          [36.8086485, 10.0786612],
          [36.8086045, 10.0788884],
          [36.8085446, 10.0791431],
          [36.8084946, 10.0793103],
          [36.8084206, 10.0795375],
          [36.8082727, 10.0799644],
          [36.8080138, 10.0806984],
          [36.8079909, 10.0807632],
          [36.8075289, 10.0820514],
          [36.807387, 10.0824543],
          [36.8072825, 10.0827508],
          [36.8069645, 10.0836283],
          [36.8118364, 10.0639647],
          [36.8119769, 10.0636884],
          [36.8119794, 10.0636838],
          [36.8121086, 10.0634296],
          [36.8123784, 10.0629179],
          [36.8124951, 10.0626971],
          [36.8127341, 10.0622438],
          [36.812923, 10.0618899],
          [36.8130739, 10.0616072],
          [36.8133477, 10.0610755],
          [36.8135596, 10.0606561],
          [36.8137614, 10.0602092],
          [36.8139613, 10.0597399],
          [36.814305, 10.0589685],
          [36.8147447, 10.0579475],
          [36.8149892, 10.0574126],
          [36.8151359, 10.0570839],
          [36.8154765, 10.0563047],
          [36.8155025, 10.0563224],
          [36.8154351, 10.0564817],
          [36.8151608, 10.057107],
          [36.8150181, 10.0574246],
          [36.8147706, 10.0579751],
          [36.8143309, 10.0589962],
          [36.8139872, 10.0597675],
          [36.8137873, 10.0602369],
          [36.8135854, 10.0606837],
          [36.8133736, 10.0611031],
          [36.8130998, 10.0616349],
          [36.8129528, 10.0619103],
          [36.81276, 10.0622715],
          [36.8125217, 10.0627207],
          [36.8124042, 10.0629455],
          [36.8121344, 10.0634573],
          [36.8120035, 10.063709],
          [36.8118606, 10.063984],
        ],
      },
    },
    {
      type: "Feature",
      properties: { name: "Eastbound Split Loop", color: "#00E676" },
      geometry: {
        type: "LineString",
        coordinates: [
          [36.80642, 10.18078],
          [36.80422, 10.18128],
          [36.80207, 10.18092],
          [36.79714, 10.18006],
        ],
      },
    },
  ],
};
